/NODE/
     3       x       y      fx fy fr      Px      Py       M   hinge
     1     0.0     0.0       0  0  0     0.0  -126.0     0.0       0
     2     1.0     0.0       1  1  1     0.0     0.0     0.0       0
     3     0.0     1.0       1  1  1     0.0     0.0     0.0       0
/FRAME/
     2    a    b       E       I       A       w
     1    1    2     1.0     1.0     3.0     0.0
     2    1    3     1.0     2.0     6.0     0.0
/ENDOF/





(1) ---------------------------------------------
/NODE/
     3       x       y      fx fy fr      Px      Py       M   hinge
     1     0.0     0.0       1  1  1     0.0     0.0     0.0       0
     2     1.0     0.0       0  0  0     0.0     0.0   -32.0       0
     3     1.0    -1.0       1  1  1     0.0     0.0     0.0       0
/FRAME/
     2    a    b       E       I       A       w
     1    1    2     1.0     1.0     1.0     0.0
     2    2    3     1.0     1.0     1.0     0.0
/ENDOF/


(2) ---------------------------------------------
/NODE/
     4       x       y      fx fy fr      Px      Py       M   hinge
     1     0.0     0.0       1  1  1     0.0     0.0     0.0       0
     2     0.0     1.0       0  0  0     0.0     0.0     0.0       0
     3     1.0     1.0       0  0  0     0.0     0.0     0.0       0
     4     1.0     0.0       1  1  1     0.0     0.0     0.0       0
/FRAME/
     3    a    b       E       I       A       w
     1    1    2     1.0     1.0 99999999     0.0
     2    2    3     1.0     1.0 99999999   -36.0
     3    3    4     1.0     1.0 99999999     0.0
/ENDOF/


(3) ---------------------------------------------
/NODE/
     5       x       y      fx fy fr      Px      Py       M   hinge
     1     0.0     0.0       1  1  1     0.0     0.0     0.0       0
     2     0.0     1.0       0  0  0     0.0     0.0     0.0       0
     3     1.0     0.5       0  0  0     0.0   -24.0     0.0       0
     4     1.0     1.0       0  0  0     0.0     0.0     0.0       0
     5     1.0     0.0       1  1  1     0.0     0.0     0.0       0
/FRAME/
     4    a    b       E       I       A       w
     1    1    2     1.0     1.0 99999999     0.0
     2    2    3     1.0     1.0 99999999     0.0
     3    3    4     1.0     1.0 99999999     0.0
     4    4    5     1.0     1.0 99999999     0.0
/ENDOF/


(4) ---------------------------------------------
/NODE/
     5       x       y      fx fy fr      Px      Py       M   hinge
     1     0.0     0.0       1  1  0     0.0     0.0     0.0       0
     2     0.0     6.0       0  0  0     0.0     0.0     0.0       0
     3     4.0     9.0       0  0  0     0.0     0.0     0.0       0
     4     8.0     6.0       0  0  0     0.0     0.0     0.0       0
     5     8.0     0.0       0  1  0     0.0     0.0     0.0       0
/FRAME/
     4    a    b       E       I       A       w
     1    1    2     1.0     1.0     1.0    -4.0
     2    2    3     1.0     1.0     1.0     0.0
     3    3    4     1.0     1.0     1.0     0.0
     4    4    5     1.0     1.0     1.0     0.0
/ENDOF/


(5) ---------------------------------------------
/NODE/
     6       x       y      fx fy fr      Px      Py       M   hinge
     1     0.0     0.0       1  1  0     0.0     0.0     0.0       0
     2     0.0     4.0       0  0  0     3.0     0.0     0.0       0
     3     0.0     6.0       0  0  0     0.0     0.0     0.0       0
     4     3.0     6.0       0  0  0     0.0    -4.0     0.0       0
     5     6.0     6.0       0  0  0     0.0     0.0     0.0       0
     6     6.0     0.0       0  1  0     0.0     0.0     0.0       0
/FRAME/
     5    a    b       E       I       A       w
     1    1    2     1.0     1.0     1.0     0.0
     2    2    3     1.0     1.0     1.0     0.0
     3    3    4     1.0     1.0     1.0     0.0
     4    4    5     1.0     1.0     1.0     0.0
     5    5    6     1.0     1.0     1.0     0.0
/ENDOF/


(6) ---------------------------------------------
/NODE/
     5       x       y      fx fy fr      Px      Py       M   hinge
     1     0.0     0.0       1  1  0     0.0     0.0     0.0       0
     2     0.0     8.0       0  0  0    12.0     0.0     0.0       0
     3     4.0     8.0       0  0  0     0.0     0.0     0.0       1
     4     6.0     8.0       0  0  0     0.0     0.0     0.0       0
     5     6.0     4.0       1  1  0     0.0     0.0     0.0       0
/FRAME/
     4    a    b       E       I       A       w
     1    1    2     1.0     1.0     1.0     0.0
     2    2    3     1.0     1.0     1.0     0.0
     3    3    4     1.0     1.0     1.0     0.0
     4    4    5     1.0     1.0     1.0     0.0
/ENDOF/


(7) ---------------------------------------------
/NODE/
     4       x       y      fx fy fr      Px      Py       M   hinge
     1     0.0     0.0       1  1  1     0.0     0.0     0.0       0
     2     0.0     4.0       0  0  0     0.0     0.0     0.0       0
     3    -1.0     4.0       0  0  0     0.0     1.0     0.0       0
     4     2.0     4.0       0  0  0    -2.0    -4.0     0.0       0
/FRAME/
     3    a    b       E       I       A       w
     1    1    2     1.0     1.0     1.0     0.0
     2    2    3     1.0     1.0     1.0     0.0
     3    2    4     1.0     1.0     1.0     0.0
/ENDOF/


(8) ---------------------------------------------
/NODE/
     7       x       y      fx fy fr      Px      Py       M   hinge
     1     0.0     0.0       1  1  0     0.0     0.0     0.0       0
     2     0.0     6.0       0  0  0    30.0     0.0     0.0       0
     3     0.0    10.0       0  0  0     0.0     0.0     0.0       0
     4     3.0    10.0       0  0  0     0.0   -80.0     0.0       0
     5     5.0    10.0       0  0  0     0.0     0.0     0.0       1
     6     9.0    10.0       0  0  0     0.0     0.0     0.0       0
     7     9.0     2.0       1  1  0     0.0     0.0     0.0       0
/FRAME/
     6    a    b       E       I       A       w
     1    1    2     1.0     1.0     1.0     0.0
     2    2    3     1.0     1.0     1.0     0.0
     3    3    4     1.0     1.0     1.0     0.0
     4    4    5     1.0     1.0     1.0     0.0
     5    5    6     1.0     1.0     1.0     0.0
     6    6    7     1.0     1.0     1.0    60.0
/ENDOF/


(9) ---------------------------------------------
/NODE/
     3       x       y      fx fy fr      Px      Py       M   hinge
     1     0.0     0.0       0  0  0     0.0  -126.0     0.0       0
     2     1.0     0.0       1  1  1     0.0     0.0     0.0       0
     3     0.0     1.0       1  1  1     0.0     0.0     0.0       0
/FRAME/
     2    a    b       E       I       A       w
     1    1    2     1.0     1.0     3.0     0.0
     2    1    3     1.0     2.0     6.0     0.0
/ENDOF/




