/NODE/
     3       x       y      fx fy      Px      Py
     1     0.0     0.0       1  1     0.0     0.0
     2     6.0     0.0       0  1     0.0     0.0
     3     0.0     6.0       0  0     6.0     0.0
/TRUS/
     3    a    b       E       A
     1    1    2     3.0     2.0
     2    1    3     3.0     2.0
     3    2    3     3.0     2.0
/ENDOF/







(1) ---------------------------------------------
/NODE/
     3       x       y      fx fy      Px      Py
     1     0.0     4.0       1  1     0.0     0.0
     2     3.0     4.0       0  0     0.0    -4.0
     3     0.0     0.0       1  1     0.0     0.0
/TRUS/
     2    a    b       E       A
     1    1    2     3.0     1.0
     2    2    3     5.0     1.0
/ENDOF/


(2) ---------------------------------------------
/NODE/
     4       x       y      fx fy      Px      Py
     1     0.0     0.0       1  1     0.0     0.0
     2     4.0     0.0       0  1     0.0     0.0
     3     0.0     3.0       0  0     4.0     0.0
     4     4.0     3.0       0  0     0.0     0.0
/TRUS/
     5    a    b       E       A
     1    1    2     3.0     2.0
     2    1    3     3.0     2.0
     3    2    3     3.0     2.0
     4    2    4     3.0     2.0
     5    3    4     3.0     2.0
/ENDOF/


(3) ---------------------------------------------
/NODE/
     3       x       y      fx fy      Px      Py
     1     0.0     0.0       1  1     0.0     0.0
     2     6.0     0.0       0  1     0.0     0.0
     3     0.0     6.0       0  0     6.0     0.0
/TRUS/
     3    a    b       E       A
     1    1    2     3.0     2.0
     2    1    3     3.0     2.0
     3    2    3     3.0     2.0
/ENDOF/






