/NODE/
     6       x       y      fx fy      Dx      Dy      Px      Py
     1     0.0     0.0       1  1     0.0     0.0     0.0     0.0
     2     1.0     0.0       0  1     0.0     0.0     0.0     0.0
     3     2.0     0.0       0  1     0.0     0.0     1.5     0.0
     4     0.0     1.0       1  0     0.0     0.0     0.0     0.0
     5     1.0     1.0       0  0     0.0     0.0     0.0     0.0
     6     2.0     1.0       0  0     0.0     0.0     1.5     0.0
/ELEMENT/
     3   3/4   a    b    c    d       E       v      bx      by
     1    4    1    2    5    4   100.0     0.2     0.0     0.0
     2    3    2    3    6    0   100.0     0.2     0.0     0.0
     3    3    2    6    5    0   100.0     0.2     0.0     0.0
/ENDOF/





(1) ---------------------------------------------
/NODE/
     4       x       y      fx fy      Dx      Dy      Px      Py
     1     0.0     0.0       1  1     0.0     0.0     0.0     0.0
     2     2.0     0.0       0  1     0.0     0.0     1.5     0.0
     3     0.0     1.0       1  0     0.0     0.0     0.0     0.0
     4     2.0     1.0       0  0     0.0     0.0     1.5     0.0
/ELEMENT/
     2   3/4   a    b    c    d       E       v      bx      by
     1    3    1    4    3    0   100.0     0.2     0.0     0.0
     2    3    4    1    2    0   100.0     0.2     0.0     0.0
/ENDOF/


(2) ---------------------------------------------
/NODE/
     4       x       y      fx fy      Dx      Dy      Px      Py
     1     0.0     0.0       1  1     0.0     0.0     0.0     0.0
     2     2.0     0.0       0  1     0.0     0.0     1.5     0.0
     3     0.0     1.0       1  0     0.0     0.0     0.0     0.0
     4     2.0     1.0       0  0     0.0     0.0     1.5     0.0
/ELEMENT/
     1   3/4   a    b    c    d       E       v      bx      by
     1    4    1    2    4    3   100.0     0.2     0.0     0.0
/ENDOF/


(3) ---------------------------------------------
/NODE/
     6       x       y      fx fy      Dx      Dy      Px      Py
     1     0.0     0.0       1  1     0.0     0.0     0.0     0.0
     2     1.0     0.0       0  1     0.0     0.0     0.0     0.0
     3     2.0     0.0       0  1     0.0     0.0     1.5     0.0
     4     0.0     1.0       1  0     0.0     0.0     0.0     0.0
     5     1.0     1.0       0  0     0.0     0.0     0.0     0.0
     6     2.0     1.0       0  0     0.0     0.0     1.5     0.0
/ELEMENT/
     2   3/4   a    b    c    d       E       v      bx      by
     1    4    1    2    5    4   100.0     0.2     0.0     0.0
     2    4    2    3    6    5   100.0     0.2     0.0     0.0
/ENDOF/


(4) ---------------------------------------------
/NODE/
     6       x       y      fx fy      Dx      Dy      Px      Py
     1     0.0     0.0       1  1     0.0     0.0     0.0     0.0
     2     1.0     0.0       0  1     0.0     0.0     0.0     0.0
     3     2.0     0.0       0  1     0.0     0.0     1.5     0.0
     4     0.0     1.0       1  0     0.0     0.0     0.0     0.0
     5     1.0     1.0       0  0     0.0     0.0     0.0     0.0
     6     2.0     1.0       0  0     0.0     0.0     1.5     0.0
/ELEMENT/
     3   3/4   a    b    c    d       E       v      bx      by
     1    4    1    2    5    4   100.0     0.2     0.0     0.0
     2    3    2    3    6    0   100.0     0.2     0.0     0.0
     3    3    2    6    5    0   100.0     0.2     0.0     0.0
/ENDOF/


(5) ---------------------------------------------
/NODE/
     6       x       y      fx fy      Dx      Dy      Px      Py
     1     0.0     0.0       1  1     0.0     0.0     0.0     0.0
     2     1.0     0.0       0  1     0.0     0.0     0.0     0.0
     3     2.0     0.0       1  1     0.1     0.0     0.0     0.0
     4     0.0     1.0       1  0     0.0     0.0     0.0     0.0
     5     1.0     1.0       0  0     0.0     0.0     0.0     0.0
     6     2.0     1.0       1  0     0.1     0.0     0.0     0.0
/ELEMENT/
     3   3/4   a    b    c    d       E       v      bx      by
     1    4    1    2    5    4   100.0     0.2     0.0     0.0
     2    3    2    3    6    0   100.0     0.2     0.0     0.0
     3    3    2    6    5    0   100.0     0.2     0.0     0.0
/ENDOF/










