*displacement (e, n, u, v, q) ---
    1     1 0.00000e+0 0.00000e+0 0.00000e+0
    1     5 -4.63775e-6 0.00000e+0 4.59137e-4
    2     5 -4.63775e-6 0.00000e+0 4.59137e-4
    2     6 -3.71020e-5 0.00000e+0 1.83655e-3
    3     6 -3.71020e-5 0.00000e+0 1.83655e-3
    3     7 -1.25219e-4 0.00000e+0 4.13223e-3
    4     7 -1.25219e-4 0.00000e+0 4.13223e-3
    4     8 -2.96816e-4 0.00000e+0 7.34619e-3
    5     8 -2.96816e-4 0.00000e+0 7.34619e-3
    5     9 -5.79718e-4 0.00000e+0 1.14784e-2
    6     9 -5.79718e-4 0.00000e+0 1.14784e-2
    6    10 -1.00175e-3 0.00000e+0 1.65289e-2
    7    10 -1.00175e-3 0.00000e+0 1.65289e-2
    7    11 -1.59075e-3 0.00000e+0 2.24977e-2
    8    11 -1.59075e-3 0.00000e+0 2.24977e-2
    8    12 -2.37453e-3 0.00000e+0 2.93848e-2
    9    12 -2.37453e-3 0.00000e+0 2.93848e-2
    9    13 -3.38092e-3 0.00000e+0 3.71901e-2
   10    13 -3.38092e-3 0.00000e+0 3.71901e-2
   10    14 -4.63775e-3 0.00000e+0 4.59137e-2
   11    14 -4.63775e-3 0.00000e+0 4.59137e-2
   11    15 -6.17284e-3 0.00000e+0 5.55556e-2
   12    15 -6.17284e-3 0.00000e+0 5.55556e-2
   12    16 -8.01402e-3 0.00000e+0 6.61157e-2
   13    16 -8.01402e-3 0.00000e+0 6.61157e-2
   13    17 -1.01891e-2 0.00000e+0 7.75941e-2
   14    17 -1.01891e-2 0.00000e+0 7.75941e-2
   14    18 -1.27260e-2 0.00000e+0 8.99908e-2
   15    18 -1.27260e-2 0.00000e+0 8.99908e-2
   15    19 -1.56524e-2 0.00000e+0 1.03306e-1
   16    19 -1.56524e-2 0.00000e+0 1.03306e-1
   16    20 -1.89962e-2 0.00000e+0 1.17539e-1
   17    20 -1.89962e-2 0.00000e+0 1.17539e-1
   17    21 -2.27852e-2 0.00000e+0 1.32691e-1
   18    21 -2.27852e-2 0.00000e+0 1.32691e-1
   18    22 -2.70473e-2 0.00000e+0 1.48760e-1
   19    22 -2.70473e-2 0.00000e+0 1.48760e-1
   19    23 -3.18103e-2 0.00000e+0 1.65748e-1
   20    23 -3.18103e-2 0.00000e+0 1.65748e-1
   20    24 -3.71020e-2 0.00000e+0 1.83655e-1
   21    24 -3.71020e-2 0.00000e+0 1.83655e-1
   21    25 -4.29502e-2 0.00000e+0 2.02479e-1
   22    25 -4.29502e-2 0.00000e+0 2.02479e-1
   22    26 -4.93827e-2 0.00000e+0 2.22222e-1
   23    26 -4.93827e-2 0.00000e+0 2.22222e-1
   23    27 -5.64275e-2 0.00000e+0 2.42883e-1
   24    27 -5.64275e-2 0.00000e+0 2.42883e-1
   24    28 -6.41122e-2 0.00000e+0 2.64463e-1
   25    28 -6.41122e-2 0.00000e+0 2.64463e-1
   25    29 -7.24648e-2 0.00000e+0 2.86961e-1
   26    29 -7.24648e-2 0.00000e+0 2.86961e-1
   26    30 -8.15130e-2 0.00000e+0 3.10376e-1
   27    30 -8.15130e-2 0.00000e+0 3.10376e-1
   27    31 -9.12847e-2 0.00000e+0 3.34711e-1
   28    31 -9.12847e-2 0.00000e+0 3.34711e-1
   28    32 -1.01808e-1 0.00000e+0 3.59963e-1
   29    32 -1.01808e-1 0.00000e+0 3.59963e-1
   29    33 -1.13110e-1 0.00000e+0 3.86134e-1
   30    33 -1.13110e-1 0.00000e+0 3.86134e-1
   30    34 -1.25219e-1 0.00000e+0 4.13223e-1
   31    34 -1.25219e-1 0.00000e+0 4.13223e-1
   31    35 -1.38163e-1 0.00000e+0 4.41230e-1
   32    35 -1.38163e-1 0.00000e+0 4.41230e-1
   32    36 -1.51970e-1 -1.00974e-9 4.70156e-1
   33    36 -1.51970e-1 -1.00974e-9 4.70156e-1
   33     2 -1.66667e-1 -1.04125e-9 5.00000e-1
   34     2 -1.66667e-1 -1.04125e-9 5.00000e-1
   34    37 -1.36364e-1 1.56107e-2 5.30303e-1
   35    37 -1.36364e-1 1.56107e-2 5.30303e-1
   35    38 -1.06061e-1 3.21396e-2 5.60606e-1
   36    38 -1.06061e-1 3.21396e-2 5.60606e-1
   36    39 -7.57576e-2 4.95868e-2 5.90909e-1
   37    39 -7.57576e-2 4.95868e-2 5.90909e-1
   37    40 -4.54545e-2 6.79522e-2 6.21212e-1
   38    40 -4.54545e-2 6.79522e-2 6.21212e-1
   38    41 -1.51515e-2 8.72360e-2 6.51515e-1
   39    41 -1.51515e-2 8.72360e-2 6.51515e-1
   39    42 1.51515e-2 1.07438e-1 6.81818e-1
   40    42 1.51515e-2 1.07438e-1 6.81818e-1
   40    43 4.54545e-2 1.28558e-1 7.12121e-1
   41    43 4.54545e-2 1.28558e-1 7.12121e-1
   41    44 7.57576e-2 1.50597e-1 7.42424e-1
   42    44 7.57576e-2 1.50597e-1 7.42424e-1
   42    45 1.06061e-1 1.73554e-1 7.72727e-1
   43    45 1.06061e-1 1.73554e-1 7.72727e-1
   43    46 1.36364e-1 1.97429e-1 8.03030e-1
   44    46 1.36364e-1 1.97429e-1 8.03030e-1
   44    47 1.66667e-1 2.22222e-1 8.33333e-1
   45    47 1.66667e-1 2.22222e-1 8.33333e-1
   45    48 1.96970e-1 2.47934e-1 8.63636e-1
   46    48 1.96970e-1 2.47934e-1 8.63636e-1
   46    49 2.27273e-1 2.74564e-1 8.93939e-1
   47    49 2.27273e-1 2.74564e-1 8.93939e-1
   47    50 2.57576e-1 3.02112e-1 9.24242e-1
   48    50 2.57576e-1 3.02112e-1 9.24242e-1
   48    51 2.87879e-1 3.30579e-1 9.54545e-1
   49    51 2.87879e-1 3.30579e-1 9.54545e-1
   49    52 3.18182e-1 3.59963e-1 9.84848e-1
   50    52 3.18182e-1 3.59963e-1 9.84848e-1
   50    53 3.48485e-1 3.90266e-1 1.01515e+0
   51    53 3.48485e-1 3.90266e-1 1.01515e+0
   51    54 3.78788e-1 4.21488e-1 1.04545e+0
   52    54 3.78788e-1 4.21488e-1 1.04545e+0
   52    55 4.09091e-1 4.53627e-1 1.07576e+0
   53    55 4.09091e-1 4.53627e-1 1.07576e+0
   53    56 4.39394e-1 4.86685e-1 1.10606e+0
   54    56 4.39394e-1 4.86685e-1 1.10606e+0
   54    57 4.69697e-1 5.20661e-1 1.13636e+0
   55    57 4.69697e-1 5.20661e-1 1.13636e+0
   55    58 5.00000e-1 5.55556e-1 1.16667e+0
   56    58 5.00000e-1 5.55556e-1 1.16667e+0
   56    59 5.30303e-1 5.91368e-1 1.19697e+0
   57    59 5.30303e-1 5.91368e-1 1.19697e+0
   57    60 5.60606e-1 6.28099e-1 1.22727e+0
   58    60 5.60606e-1 6.28099e-1 1.22727e+0
   58    61 5.90909e-1 6.65748e-1 1.25758e+0
   59    61 5.90909e-1 6.65748e-1 1.25758e+0
   59    62 6.21212e-1 7.04316e-1 1.28788e+0
   60    62 6.21212e-1 7.04316e-1 1.28788e+0
   60    63 6.51515e-1 7.43802e-1 1.31818e+0
   61    63 6.51515e-1 7.43802e-1 1.31818e+0
   61    64 6.81818e-1 7.84206e-1 1.34848e+0
   62    64 6.81818e-1 7.84206e-1 1.34848e+0
   62    65 7.12121e-1 8.25528e-1 1.37879e+0
   63    65 7.12121e-1 8.25528e-1 1.37879e+0
   63    66 7.42424e-1 8.67769e-1 1.40909e+0
   64    66 7.42424e-1 8.67769e-1 1.40909e+0
   64    67 7.72727e-1 9.10927e-1 1.43939e+0
   65    67 7.72727e-1 9.10927e-1 1.43939e+0
   65    68 8.03030e-1 9.55005e-1 1.46970e+0
   66    68 8.03030e-1 9.55005e-1 1.46970e+0
   66     3 8.33333e-1 1.00000e+0 1.50000e+0
   67     3 8.33333e-1 1.00000e+0 1.50000e+0
   67    69 8.79242e-1 1.00000e+0 1.52984e+0
   68    69 8.79242e-1 1.00000e+0 1.52984e+0
   68    70 9.26042e-1 1.00000e+0 1.55877e+0
   69    70 9.26042e-1 1.00000e+0 1.55877e+0
   69    71 9.73704e-1 1.00000e+0 1.58678e+0
   70    71 9.73704e-1 1.00000e+0 1.58678e+0
   70    72 1.02220e+0 1.00000e+0 1.61387e+0
   71    72 1.02220e+0 1.00000e+0 1.61387e+0
   71    73 1.07150e+0 1.00000e+0 1.64004e+0
   72    73 1.07150e+0 1.00000e+0 1.64004e+0
   72    74 1.12159e+0 1.00000e+0 1.66529e+0
   73    74 1.12159e+0 1.00000e+0 1.66529e+0
   73    75 1.17242e+0 1.00000e+0 1.68962e+0
   74    75 1.17242e+0 1.00000e+0 1.68962e+0
   74    76 1.22398e+0 1.00000e+0 1.71304e+0
   75    76 1.22398e+0 1.00000e+0 1.71304e+0
   75    77 1.27623e+0 1.00000e+0 1.73554e+0
   76    77 1.27623e+0 1.00000e+0 1.73554e+0
   76    78 1.32915e+0 1.00000e+0 1.75712e+0
   77    78 1.32915e+0 1.00000e+0 1.75712e+0
   77    79 1.38272e+0 1.00000e+0 1.77778e+0
   78    79 1.38272e+0 1.00000e+0 1.77778e+0
   78    80 1.43689e+0 1.00000e+0 1.79752e+0
   79    80 1.43689e+0 1.00000e+0 1.79752e+0
   79    81 1.49165e+0 1.00000e+0 1.81635e+0
   80    81 1.49165e+0 1.00000e+0 1.81635e+0
   80    82 1.54696e+0 1.00000e+0 1.83425e+0
   81    82 1.54696e+0 1.00000e+0 1.83425e+0
   81    83 1.60280e+0 1.00000e+0 1.85124e+0
   82    83 1.60280e+0 1.00000e+0 1.85124e+0
   82    84 1.65915e+0 1.00000e+0 1.86731e+0
   83    84 1.65915e+0 1.00000e+0 1.86731e+0
   83    85 1.71597e+0 1.00000e+0 1.88246e+0
   84    85 1.71597e+0 1.00000e+0 1.88246e+0
   84    86 1.77323e+0 1.00000e+0 1.89669e+0
   85    86 1.77323e+0 1.00000e+0 1.89669e+0
   85    87 1.83091e+0 1.00000e+0 1.91001e+0
   86    87 1.83091e+0 1.00000e+0 1.91001e+0
   86    88 1.88898e+0 1.00000e+0 1.92241e+0
   87    88 1.88898e+0 1.00000e+0 1.92241e+0
   87    89 1.94741e+0 1.00000e+0 1.93388e+0
   88    89 1.94741e+0 1.00000e+0 1.93388e+0
   88    90 2.00617e+0 1.00000e+0 1.94444e+0
   89    90 2.00617e+0 1.00000e+0 1.94444e+0
   89    91 2.06524e+0 1.00000e+0 1.95409e+0
   90    91 2.06524e+0 1.00000e+0 1.95409e+0
   90    92 2.12459e+0 1.00000e+0 1.96281e+0
   91    92 2.12459e+0 1.00000e+0 1.96281e+0
   91    93 2.18419e+0 1.00000e+0 1.97062e+0
   92    93 2.18419e+0 1.00000e+0 1.97062e+0
   92    94 2.24401e+0 1.00000e+0 1.97750e+0
   93    94 2.24401e+0 1.00000e+0 1.97750e+0
   93    95 2.30403e+0 1.00000e+0 1.98347e+0
   94    95 2.30403e+0 1.00000e+0 1.98347e+0
   94    96 2.36422e+0 1.00000e+0 1.98852e+0
   95    96 2.36422e+0 1.00000e+0 1.98852e+0
   95    97 2.42454e+0 1.00000e+0 1.99265e+0
   96    97 2.42454e+0 1.00000e+0 1.99265e+0
   96    98 2.48497e+0 1.00000e+0 1.99587e+0
   97    98 2.48497e+0 1.00000e+0 1.99587e+0
   97    99 2.54549e+0 1.00000e+0 1.99816e+0
   98    99 2.54549e+0 1.00000e+0 1.99816e+0
   98   100 2.60607e+0 1.00000e+0 1.99954e+0
   99   100 2.60607e+0 1.00000e+0 1.99954e+0
   99     4 2.66667e+0 1.00000e+0 2.00000e+0

*internal force (e, N, S, M) ----
    1 0.00000e+0 1.00000e+0 1.51515e-2
    2 0.00000e+0 1.00000e+0 4.54545e-2
    3 0.00000e+0 1.00000e+0 7.57576e-2
    4 0.00000e+0 1.00000e+0 1.06061e-1
    5 0.00000e+0 1.00000e+0 1.36364e-1
    6 0.00000e+0 1.00000e+0 1.66667e-1
    7 0.00000e+0 1.00000e+0 1.96970e-1
    8 0.00000e+0 1.00000e+0 2.27273e-1
    9 0.00000e+0 1.00000e+0 2.57576e-1
   10 0.00000e+0 1.00000e+0 2.87879e-1
   11 0.00000e+0 1.00000e+0 3.18182e-1
   12 0.00000e+0 1.00000e+0 3.48485e-1
   13 0.00000e+0 1.00000e+0 3.78788e-1
   14 0.00000e+0 1.00000e+0 4.09091e-1
   15 0.00000e+0 1.00000e+0 4.39394e-1
   16 0.00000e+0 1.00000e+0 4.69697e-1
   17 0.00000e+0 1.00000e+0 5.00000e-1
   18 0.00000e+0 1.00000e+0 5.30303e-1
   19 0.00000e+0 1.00000e+0 5.60606e-1
   20 0.00000e+0 1.00000e+0 5.90909e-1
   21 0.00000e+0 1.00000e+0 6.21212e-1
   22 0.00000e+0 1.00000e+0 6.51515e-1
   23 0.00000e+0 1.00000e+0 6.81818e-1
   24 0.00000e+0 1.00000e+0 7.12121e-1
   25 0.00000e+0 1.00000e+0 7.42424e-1
   26 0.00000e+0 1.00000e+0 7.72727e-1
   27 0.00000e+0 1.00000e+0 8.03030e-1
   28 0.00000e+0 1.00000e+0 8.33333e-1
   29 0.00000e+0 1.00000e+0 8.63636e-1
   30 0.00000e+0 1.00000e+0 8.93939e-1
   31 0.00000e+0 1.00000e+0 9.24242e-1
   32 -3.33215e-8 1.00000e+0 9.54545e-1
   33 -1.03967e-9 1.00000e+0 9.84848e-1
   34 1.00000e+0 8.10536e-10 1.00000e+0
   35 1.00000e+0 1.07072e-9 1.00000e+0
   36 1.00000e+0 8.11503e-10 1.00000e+0
   37 1.00000e+0 1.05234e-9 1.00000e+0
   38 1.00000e+0 1.18630e-9 1.00000e+0
   39 1.00000e+0 6.32566e-10 1.00000e+0
   40 1.00000e+0 8.79209e-10 1.00000e+0
   41 1.00000e+0 9.10160e-10 1.00000e+0
   42 1.00000e+0 6.01615e-10 1.00000e+0
   43 1.00000e+0 7.97962e-10 1.00000e+0
   44 1.00000e+0 1.12779e-9 1.00000e+0
   45 1.00000e+0 4.91351e-10 1.00000e+0
   46 1.00000e+0 9.78833e-10 1.00000e+0
   47 1.00000e+0 4.07202e-10 1.00000e+0
   48 1.00000e+0 1.09393e-9 1.00000e+0
   49 1.00000e+0 8.14405e-10 1.00000e+0
   50 1.00000e+0 9.80767e-10 1.00000e+0
   51 1.00000e+0 5.60991e-10 1.00000e+0
   52 1.00000e+0 8.55995e-10 1.00000e+0
   53 1.00000e+0 9.44013e-10 1.00000e+0
   54 1.00000e+0 3.12414e-10 1.00000e+0
   55 1.00000e+0 9.06291e-10 1.00000e+0
   56 1.00000e+0 -2.88233e-10 1.00000e+0
   57 1.00000e+0 8.93717e-10 1.00000e+0
   58 1.00000e+0 2.03118e-10 1.00000e+0
   59 1.00000e+0 4.44924e-11 1.00000e+0
   60 1.00000e+0 8.95652e-10 1.00000e+0
   61 1.00000e+0 -1.79904e-10 1.00000e+0
   62 1.00000e+0 1.01559e-9 1.00000e+0
   63 1.00000e+0 5.51319e-10 1.00000e+0
   64 1.00000e+0 -5.97746e-10 1.00000e+0
   65 1.00000e+0 -5.60991e-11 1.00000e+0
   66 1.00000e+0 -1.16067e-11 1.00000e+0
   67 1.05149e-12 -1.00000e+0 9.84848e-1
   68 3.29736e-13 -1.00000e+0 9.54545e-1
   69 -3.88356e-13 -1.00000e+0 9.24242e-1
   70 -1.79523e-13 -1.00000e+0 8.93939e-1
   71 4.39648e-13 -1.00000e+0 8.63636e-1
   72 1.13209e-12 -1.00000e+0 8.33333e-1
   73 6.99774e-13 -1.00000e+0 8.03030e-1
   74 3.77365e-13 -1.00000e+0 7.72727e-1
   75 -3.48055e-13 -1.00000e+0 7.42424e-1
   76 -3.48055e-13 -1.00000e+0 7.12121e-1
   77 6.59472e-13 -1.00000e+0 6.81818e-1
   78 9.15934e-13 -1.00000e+0 6.51515e-1
   79 8.28004e-13 -1.00000e+0 6.21212e-1
   80 -9.89209e-14 -1.00000e+0 5.90909e-1
   81 -4.24993e-13 -1.00000e+0 5.60606e-1
   82 -7.32747e-15 -1.00000e+0 5.30303e-1
   83 5.31242e-13 -1.00000e+0 5.00000e-1
   84 1.02585e-12 -1.00000e+0 4.69697e-1
   85 4.32321e-13 -1.00000e+0 4.39394e-1
   86 -1.86851e-13 -1.00000e+0 4.09091e-1
   87 -3.77365e-13 -1.00000e+0 3.78788e-1
   88 3.66374e-14 -1.00000e+0 3.48485e-1
   89 5.93525e-13 -1.00000e+0 3.18182e-1
   90 6.92446e-13 -1.00000e+0 2.87879e-1
   91 1.57541e-13 -1.00000e+0 2.57576e-1
   92 -4.76286e-13 -1.00000e+0 2.27273e-1
   93 -2.08833e-13 -1.00000e+0 1.96970e-1
   94 7.32747e-15 -1.00000e+0 1.66667e-1
   95 6.70464e-13 -1.00000e+0 1.36364e-1
   96 4.76286e-13 -1.00000e+0 1.06061e-1
   97 -2.78444e-13 -1.00000e+0 7.57576e-2
   98 -5.71543e-13 -1.00000e+0 4.54545e-2
   99 -1.72196e-13 -1.00000e+0 1.51515e-2

*reaction force -----------------
    1    H -1.00000e+0
    1    V 0.00000e+0
    1    M -1.77106e-9
